<<<<<<< Visualization
name: /Users/Bryan/Desktop/PhyloEnv
channels:
  - conda-forge
  - etetoolkit
  - defaults
dependencies:
  - appnope=0.1.0=py38_1001
  - backcall=0.2.0=py_0
  - blas=1.0=mkl
  - ca-certificates=2020.10.14=0
  - certifi=2020.6.20=py38_0
  - dbus=1.13.18=h18a8e69_0
  - decorator=4.4.2=py_0
  - ete3=3.1.2=pyh39e3cac_0
  - expat=2.2.10=hb1e8313_2
  - gettext=0.19.8.1=hb0f4f8b_2
  - glib=2.66.1=h9bbe63b_0
  - icu=58.2=h0a44026_3
  - intel-openmp=2019.4=233
  - ipython=7.18.1=py38h5ca1d4c_0
  - ipython_genutils=0.2.0=py38_0
  - jedi=0.17.2=py38_0
  - jpeg=9b=he5867d9_2
  - libcxx=10.0.0=1
  - libedit=3.1.20191231=h1de35cc_1
  - libffi=3.3=hb1e8313_2
=======
name: /Users/Bryan/Desktop/CondaEnv
channels:
  - defaults
dependencies:
  - biopython=1.72=py35h6440ff4_0
  - blas=1.0=mkl
  - ca-certificates=2020.10.14=0
  - certifi=2018.8.24=py35_1
  - dbus=1.13.16=h18a8e69_0
  - expat=2.2.10=hb1e8313_2
  - gettext=0.19.8.1=h15daf44_3
  - glib=2.63.1=hd977a24_0
  - icu=58.2=h0a44026_3
  - intel-openmp=2019.4=233
  - jpeg=9b=he5867d9_2
  - libcxx=10.0.0=1
  - libedit=3.1.20191231=h1de35cc_1
  - libffi=3.2.1=h0a44026_1007
>>>>>>> main
  - libgfortran=3.0.1=h93005f0_2
  - libiconv=1.16=h1de35cc_0
  - libpng=1.6.37=ha441bb4_0
  - libxml2=2.9.10=h3b9e6c8_1
  - libxslt=1.1.34=h83b36ba_0
<<<<<<< Visualization
  - lxml=4.5.2=py38h63b7cb6_0
  - mkl=2019.4=233
  - mkl-service=2.3.0=py38hfbe908c_0
  - mkl_fft=1.2.0=py38hc64f4ea_0
  - mkl_random=1.1.1=py38h959d312_0
  - ncurses=6.2=h0a44026_1
  - numpy=1.19.1=py38h3b9f5b6_0
  - numpy-base=1.19.1=py38hcfb5961_0
  - openssl=1.1.1h=haf1e3a3_0
  - pcre=8.44=hb1e8313_0
  - pexpect=4.8.0=py38_1
  - pickleshare=0.7.5=py38_1001
  - pip=20.2.3=py38_0
  - prompt-toolkit=3.0.8=py_0
  - pygments=2.7.1=py_0
  - pyqt=5.9.2=py38h655552a_2
  - python=3.8.5=h26836e1_1
  - python_abi=3.8=1_cp38
  - qt=5.9.7=h468cd18_1
  - readline=8.0=h1de35cc_0
  - scipy=1.5.0=py38hbab996c_0
  - setuptools=50.3.0=py38h0dc7051_1
  - sip=4.19.8=py38h0a44026_0
  - six=1.15.0=py_0
  - sqlite=3.33.0=hffcf06c_0
  - tk=8.6.10=hb0a8c7a_0
  - traitlets=5.0.5=py_0
  - wcwidth=0.2.5=py_0
=======
  - lxml=4.2.5=py35hef8c89e_0
  - mkl=2018.0.3=1
  - ncurses=6.2=h0a44026_1
  - openssl=1.0.2u=h1de35cc_0
  - pcre=8.44=hb1e8313_0
  - pip=10.0.1=py35_0
  - pyqt=5.9.2=py35h655552a_2
  - python=3.5.6=hc167b69_0
  - qt=5.9.7=h468cd18_1
  - readline=7.0=h1de35cc_5
  - scipy=1.1.0=py35hcaad992_0
  - setuptools=40.2.0=py35_0
  - sip=4.19.8=py35h0a44026_0
  - six=1.15.0=py_0
  - sqlite=3.33.0=hffcf06c_0
  - tk=8.6.10=hb0a8c7a_0
>>>>>>> main
  - wheel=0.35.1=py_0
  - xz=5.2.5=h1de35cc_0
  - zlib=1.2.11=h1de35cc_3
  - pip:
<<<<<<< Visualization
    - bio==0.0.6
    - biopython==1.78
    - cycler==0.10.0
    - dendropy==4.4.0
    - intervaltree==3.1.0
    - ipython-genutils==0.2.0
    - jinja2==2.11.2
    - kiwisolver==1.2.0
    - markupsafe==1.1.1
    - matplotlib==3.3.2
    - mpld3==0.5.1
    - parso==0.7.1
    - pillow==8.0.0
    - plac==1.2.0
    - ptyprocess==0.6.0
    - pyparsing==2.4.7
    - python-dateutil==2.8.1
    - randomcolor==0.4.4.5
    - sortedcontainers==2.2.2
    - toml==0.10.1
prefix: /Users/Bryan/Desktop/PhyloEnv
=======
    - dendropy==4.4.0
    - ete3==3.1.2
    - numpy==1.18.5
    - randomcolor==0.4.4.5
>>>>>>> main

